[property]
enable=1
config-width=1280
config-height=720
osd-mode=2
display-font-size=12

[roi-filtering-stream-0]
enable=1
roi-road-left=355;25;471;33;627;219;702;416;741;716;9;713;4;619;179;401;312;234;341;133
roi-road-right=775;713;875;521;1012;398;1220;300;1279;342;1277;385;1176;475;1124;562;1081;713
roi-shoulder=460;19;633;223;703;412;743;710;770;713;865;537;1011;403;1219;302;1156;246;1011;288;869;345;854;360;782;337;750;330;644;153;546;68;497;33
roi-parked=344;100;323;208;254;205;294;96

[roi-filtering-stream-1]
enable=1
roi-road-left=355;25;471;33;627;219;702;416;741;716;9;713;4;619;179;401;312;234;341;133
roi-road-right=775;713;875;521;1012;398;1220;300;1279;342;1277;385;1176;475;1124;562;1081;713
roi-shoulder=460;19;633;223;703;412;743;710;770;713;865;537;1011;403;1219;302;1156;246;1011;288;869;345;854;360;782;337;750;330;644;153;546;68;497;33
roi-parked=344;100;323;208;254;205;294;96